日付,摘要,収入,支出,残高
2025-08-01,寄付受領,5200,,5200
2025-08-02,電話料金,,7300,-2100
2025-08-03,助成金受領,15300,,13200
2025-08-04,プリンタインク購入,,6700,6500
2025-08-05,会費受領,3800,,10300
2025-08-06,雑収入入金,11000,,21300
2025-08-07,打ち合わせ飲食,,7600,13700
2025-08-08,寄付受領,,18100,31800
2025-08-09,寄付受領,14100,,45900
2025-08-10,出張交通費,,4100,41800
